0 0 0 0 0 0
0 0 0 0 0 0
0 0 0 0 0 0
0 0 0 0 0 0
0 0 0 0 0 0 
0 0 0 0 0 0
0 0 0 0 0 0
0 0 0 0 0 0
0 0 0 0 0 0
0 0 0 0 0 0
0 0 0 0 0 0 
0 0 0 0 0 0
0 0 0 0 0 0
0 0 0 0 0 0
0 0 0 0 0 0
0 0 0 0 0 0
0 0 0 0 0 0 
0 0 0 0 0 0
0 0 0 0 0 0
0 0 0 0 0 0 
0 59.7 49.75 0 59.7 -49.75 
0 75.95 63.29 0 75.63 -63.29
0 75.95 63.29 0 75.63 -63.29
0 59.7 49.75 0 59.7 -49.75  
0 75.95 63.29 0 75.63 -63.29
0 75.95 63.29 0 75.63 -63.29
0 97.33 70.56 0 97.33 -70.56
0 97.33 70.56 0 97.33 -70.56
0 97.33 70.56 0 97.33 -70.56
0 59.7 49.75 0 59.7 -49.75 
0 75.95 63.29 0 75.63 -63.29
0 75.95 63.29 0 75.63 -63.29
0 59.7 49.75 0 59.7 -49.75 
0 75.95 63.29 0 75.63 -63.29
0 75.95 63.29 0 75.63 -63.29
0 29.67 21.5 0 29.67 -21.5