0 0 0 0 0 0
0 0 0 0 0 0
0 0 0 0 0 0
0 0 0 0 0 0
0 0 0 0 0 0 
0 0 0 0 0 0
0 0 0 0 0 0
0 0 0 0 0 0
0 0 0 0 0 0
0 0 0 0 0 0
0 0 0 0 0 0
0 0 0 0 0 0
0 0 0 0 0 0
0 0 0 0 0 0
0 0 0 0 0 0
0 0 0 0 0 0
0 0 0 0 0 0
0 0 0 0 0 0
0 34.15 28.42 0 34.15 -28.42
0 42.27 35.23 0 42.27 -35.23
0 42.27 35.23 0 42.27 -35.23
0 34.15 28.42 0 34.15 -28.42
0 42.27 35.23 0 42.27 -35.23
0 42.27 35.23 0 42.27 -35.23
0 36.77 26.66 0 36.77 -26.66
0 36.77 26.66 0 36.77 -26.66
0 36.77 26.66 0 36.77 -26.66
0 34.15 28.42 0 34.15 -28.42
0 42.27 35.23 0 42.27 -35.23
0 42.27 35.23 0 42.27 -35.23
0 34.15 28.42 0 34.15 -28.42
0 42.27 35.23 0 42.27 -35.23
0 42.27 35.23 0 42.27 -35.23