0 0 0 0 0 0
0 0 0 0 0 0
0 0 0 0 0 0
0 0 0 0 0 0
0 0 0 0 0 0 
0 0 0 0 0 0
0 0 0 0 0 0
0 0 0 0 0 0
0 0 0 0 0 0
0 0 0 0 0 0
0 0 0 0 0 0
0 0 0 0 0 0
0 0 0 0 0 0
0 0 0 0 0 0
0 0 0 0 0 0
0 0 0 0 0 0
0 0 0 0 0 0
0 0 0 0 0 0
0 0 0 0 0 0
0 0 0 0 0 0
0 0 0 0 0 0
0 0 0 0 0 0
0 0 0 0 0 0
0 0 0 0 0 0
0 34.15 28.45 0 34.15 -28.45
0 42.27 35.23 0 42.27 -35.23
0 42.27 35.23 0 42.27 -35.23
0 34.15 28.45 0 34.15 -28.45
0 42.27 35.23 0 42.27 -35.23
0 42.27 35.23 0 42.27 -35.23
0 27.01 19.58 0 27.01 -19.58
0 68.51 49.67 0 68.51 -49.67
0 36.77 26.66 0 36.77 -26.66
0 74.73 54.18 0 74.73 -54.18
0 36.77 26.66 0 36.77 -26.66
0 34.15 28.45 0 34.15 -28.45
0 42.27 35.23 0 42.27 -35.23
0 42.27 35.23 0 42.27 -35.23
0 34.15 28.45 0 34.15 -28.45
0 42.27 35.23 0 42.27 -35.23
0 42.27 35.23 0 42.27 -35.23
0 29.64 21.49 0 29.64 -21.49